P2: 2183.375019 0.0 940.590363 0.0 0.0 2329.297332 567.568513 0.0 0.0 0.0 1.0 0.0
P2: 2183.375019 0.0 940.590363 0.0 0.0 2329.297332 567.568513 0.0 0.0 0.0 1.0 0.0
P2: 2183.375019 0.0 940.590363 0.0 0.0 2329.297332 567.568513 0.0 0.0 0.0 1.0 0.0
P2: 2183.375019 0.0 940.590363 0.0 0.0 2329.297332 567.568513 0.0 0.0 0.0 1.0 0.0
R0_rect: 1 0 0 0 1 0 0 0 1
Tr_velo_to_cam: -0.029850234789628123 -0.9961472233461572 0.0014527335978506656 -2.2853934161415035 -0.22309867178795512 0.002122584917873177 -0.856588406508202 5.6277563214601125 0.9740997352372406 -0.04102787876704836 -0.19081823463938039 1.4102751819044712
Tr_velo_to_cam: -0.029850234789628123 -0.9961472233461572 0.0014527335978506656 -2.2853934161415035 -0.22309867178795512 0.002122584917873177 -0.856588406508202 5.6277563214601125 0.9740997352372406 -0.04102787876704836 -0.19081823463938039 1.4102751819044712